6.14102705e-06 -3.62009185e-06 -1.65375303e-06  5.05675183e-06
  4.39456144e-07 -2.65784709e-06  2.99902706e-06 -1.11291234e-06
 -5.82087184e-06  3.02142591e-06  2.48163273e-06 -5.69322604e-06
 -9.98697741e-07  2.83944525e-06 -2.77458847e-06  5.00035826e-07
  4.76363134e-06 -1.98697499e-06 -2.95950901e-06  5.49141354e-06
  6.22129867e-06 -3.61544685e-06 -1.84822227e-06  5.05513303e-06
  3.83243107e-07 -2.53044204e-06  2.91389162e-06 -1.21342598e-06
 -5.73197729e-06  2.94111144e-06  2.53213272e-06 -5.58123640e-06
 -1.09495347e-06  2.86724917e-06 -2.73879138e-06  5.15085447e-07
  4.66142025e-06 -1.89824992e-06 -2.88956971e-06  5.54145239e-06
  6.20118846e-06 -3.47658895e-06 -1.76824909e-06  4.96144291e-06
  3.01627801e-07 -2.65489878e-06  2.97805092e-06 -1.18693545e-06
 -5.72264250e-06  2.88284918e-06  2.41221104e-06 -5.45796670e-06
 -1.06112561e-06  2.93253968e-06 -2.63048403e-06  4.71527558e-07
  4.69598294e-06 -1.86287263e-06 -2.95884664e-06  5.60009182e-06
  6.26341513e-06 -3.37152867e-06 -1.86757193e-06  4.96002886e-06
  4.78734833e-07 -2.60992579e-06  2.86524465e-06 -1.16240186e-06
 -5.87525794e-06  2.88454933e-06  2.65337673e-06 -5.69957424e-06
 -9.85449335e-07  2.83411452e-06 -2.76218742e-06  4.48625441e-07
  4.69404203e-06 -1.83144736e-06 -3.08152641e-06  5.57297070e-06
  6.11606606e-06 -3.29652690e-06 -2.01009141e-06  4.95208834e-06
  5.50761502e-07 -2.65972139e-06  2.84632663e-06 -1.10151848e-06
 -5.84658434e-06  2.83262664e-06  2.70147975e-06 -5.67975302e-06
 -1.12410927e-06  2.94865428e-06 -2.67469324e-06  2.94224937e-07
  4.66306970e-06 -1.69091819e-06 -3.16717409e-06  5.32993211e-06
 -2.33762363e-08  4.90788360e-06 -5.55791026e-06  1.64841514e-06
  2.98581255e-06 -1.56471152e-06 -7.70793837e-07  2.69014979e-06
  8.40387698e-07 -5.28771429e-06  5.54672950e-06 -1.32186420e-06
 -2.44462771e-06  1.06491422e-06  1.60539570e-06 -3.36705209e-06
 -1.36079631e-06  5.05082507e-06 -4.63389369e-06  5.15417567e-07
 -9.24283606e-08  4.91681946e-06 -5.45144949e-06  1.75500335e-06
  2.85378193e-06 -1.55300732e-06 -8.33430290e-07  2.78228225e-06
  8.45076533e-07 -5.24605308e-06  5.47146373e-06 -1.02321694e-06
 -2.41203745e-06  9.43862710e-07  1.66575348e-06 -3.31607226e-06
 -1.39956887e-06  4.96870963e-06 -4.61561498e-06  3.59905798e-07
 -1.73657479e-07  5.01954519e-06 -5.50916442e-06  1.70344602e-06
  2.93058311e-06 -1.57520076e-06 -9.34264442e-07  2.64114154e-06
  8.32945312e-07 -5.17089496e-06  5.46564670e-06 -1.04153668e-06
 -2.37367930e-06  8.88593774e-07  1.71548411e-06 -3.46940519e-06
 -1.55176795e-06  4.95622836e-06 -4.38121073e-06  3.98512851e-07
 -2.78391179e-07  4.91450129e-06 -5.38098337e-06  1.88775993e-06
  3.00223307e-06 -1.62556877e-06 -9.50878285e-07  2.59413406e-06
  8.25928142e-07 -5.31204409e-06  5.33284330e-06 -1.04677907e-06
 -2.30796375e-06  8.87238143e-07  1.84495425e-06 -3.31946276e-06
 -1.57192245e-06  4.96727570e-06 -4.57644822e-06  3.16602231e-07
 -2.11386254e-07  5.08721457e-06 -5.45854268e-06  1.55773874e-06
  2.88752828e-06 -1.53642088e-06 -8.55566884e-07  2.66384117e-06
  8.70153343e-07 -5.46650721e-06  5.45759985e-06 -8.96908718e-07
 -2.54928812e-06  9.42638447e-07  1.79622654e-06 -3.35008450e-06
 -1.48727607e-06  5.11863858e-06 -4.61216217e-06  9.06944251e-08
 -7.92212381e-10 -1.32551306e-10 -6.68739479e-10  3.95790103e-10
 -1.37643806e-09 -7.19837812e-10  5.55889672e-10 -5.51636419e-10
 -9.91147373e-10 -6.20128668e-10  4.56373129e-11  2.90780356e-10
  8.38779348e-10 -1.97346009e-10  3.89282184e-10  3.63222676e-11
  2.16002425e-10 -8.42730033e-10  6.62496083e-10 -8.21202744e-10
  7.14289772e-10  4.30389674e-10 -6.91023748e-10 -1.66205490e-10
  5.35376952e-11 -7.59778998e-10 -1.87975708e-10 -3.90131286e-10
 -2.26773253e-11  2.23765967e-10  4.27161403e-10 -8.09771642e-10
  5.04834733e-10  7.38494669e-10 -1.10094611e-09 -6.50642826e-11
  1.32118962e-09  8.77177719e-10  5.26159520e-10 -8.51728888e-12
 -1.57760248e-10 -9.78284374e-10 -6.12874618e-10  5.60866003e-10
 -5.05104854e-10  4.48732246e-10 -1.58241501e-10  6.56373200e-10
 -1.35518752e-06  1.42526570e-06 -1.83146663e-06  2.85905656e-06
 -5.61755646e-07 -1.87515790e-06  4.53525642e-07  2.39880854e-06
 -4.58073049e-08 -2.22351699e-07  1.79716586e-06 -9.54942689e-07
  4.11931768e-07 -2.95811696e-06  3.56537855e-06 -1.60499050e-06
  1.77893513e-06 -2.19994147e-06 -1.32318070e-06  2.19802477e-07
  6.54736668e-07 -4.01766636e-06 -8.54599412e-07  2.44843817e-07
 -3.53307225e-07  1.36990929e-06  4.08266484e-07 -5.75592920e-07
 -3.22092488e-06  1.00841150e-06  7.06401769e-07  1.12348977e-06
 -3.09922797e-07  1.91941198e-06 -1.39514628e-06 -7.73045988e-07
 -3.15976471e-06  3.11621147e-08 -4.12983600e-07  2.44808357e-06
 -1.75013356e-06  4.52990115e-06  5.28472747e-07  6.29550255e-07
 -2.11859456e-09 -3.65221975e-07  1.94525149e-06  1.07600716e-06
 -4.57050869e-07 -2.62155840e-06 -7.34707676e-07 -4.56801155e-07
  4.45314286e-06  8.53346579e-08  1.62781063e-07  4.81659535e-07
  1.33435248e-06  1.37171641e-06 -3.74793909e-06 -1.12505859e-06
 -1.67412717e-06  7.75057129e-07  8.86295277e-07 -2.24747602e-06
  3.09673467e-06  1.20727693e-06 -1.67465907e-06  7.73034055e-08
 -6.50861742e-07 -3.12658669e-06  5.43121612e-09  9.12544080e-07
  1.10949659e-06  1.85220654e-06 -2.85396040e-06 -4.99655342e-06
 -1.66771981e-06  1.47367003e-06  2.85749753e-06  4.59498156e-06
  5.80995744e-07 -1.32799666e-06  3.90364654e-07  4.54077651e-06
  2.15913002e-06  8.06144754e-07  7.34922273e-08  9.86508773e-07
  1.37036223e-06  4.06080387e-06  1.86096750e-06  1.96781845e-06
  4.73922774e-07 -8.04880103e-07 -1.88853680e-06 -3.25268820e-07
 -2.02631859e-06  2.72044057e-06  1.08301096e-06  4.39242958e-07
  5.49825577e-06 -2.62258168e-06  3.70357528e-06  8.74249057e-07
 -2.02582829e-06  3.39566330e-06  3.85545730e-06 -1.03274635e-06
  1.74258882e-06 -1.00713061e-06  1.56341674e-06  1.47680735e-06
 -9.51486688e-08  6.83126145e-07  5.06391112e-07 -2.17200218e-06
 -3.27515315e-06 -2.35445986e-07  9.51721458e-07  6.32809752e-08
 -1.15039263e-06 -1.84721190e-06 -1.98064968e-06 -2.36174411e-06
  5.18727294e-07 -1.37920920e-06  7.84561100e-07 -1.64316052e-06
 -3.04726432e-06  2.57081320e-07 -2.85474761e-06  1.78639299e-06
  4.98876171e-06  2.19317226e-06 -3.45378748e-08  2.10573562e-06
 -3.82729849e-07 -2.32485427e-06 -1.09499046e-06  2.82474282e-07
 -1.61299185e-06  3.14349357e-06  5.66273352e-07 -3.66704335e-07
  1.00917294e-07 -1.18896759e-06  4.66370086e-07  1.47721976e-06
  3.68295798e-06 -4.44360561e-07  1.80514101e-06  5.87655060e-06
 -1.14549340e-06  2.65706904e-06 -6.40499860e-07 -3.21700508e-06
 -3.05540258e-06  1.95246920e-06 -2.25017527e-07 -6.72450938e-07
  5.15862206e-07 -1.33715209e-06  3.16802804e-06 -1.36412647e-06
  1.99284624e-06 -1.63925794e-06 -3.53811330e-06 -3.44790026e-06
 -3.96853676e-06  9.03921919e-07  2.91471726e-08 -2.11739938e-07
 -3.63584009e-07 -2.25737532e-06 -1.78974799e-06  1.61938917e-06
  4.06702530e-06  2.75885057e-06  2.40238785e-06  3.69457712e-06
  5.41420932e-07  1.18015289e-06  2.53629650e-06  2.60453227e-06
  1.59868772e-06  3.09471273e-06  6.78860927e-07 -1.22646045e-06
  1.04480303e-07 -1.54750726e-06 -6.13443275e-07 -1.36358967e-06
 -1.50489033e-07 -2.17772321e-07  1.47797992e-06  1.39779524e-07
  4.05798139e-09  5.48933712e-07  3.43711779e-06 -1.68512546e-06
 -8.10096597e-07  1.99119175e-06  2.38119227e-06  1.06341915e-06
  1.51488905e-06 -1.12949597e-06 -1.04382611e-07 -5.30043476e-06
 -9.69980468e-07  3.94257161e-06  8.74891250e-07 -3.46595400e-07
 -3.43822036e-06 -1.72505606e-06 -6.36057276e-08 -4.25940197e-07
 -2.63514720e-06 -2.03694690e-06  3.26392740e-06  2.82010168e-06
 -4.58113479e-06 -3.17739194e-06 -1.15978670e-06 -9.46712181e-07
 -1.10789843e-06  1.21648159e-06  6.48199566e-08 -2.60129940e-06
 -4.80158038e-07  9.03816470e-07  4.79878737e-07  1.32363296e-06
  5.17578292e-06  3.06684894e-06  3.79522297e-06 -1.00749049e-06
 -1.49733414e-07  3.58586098e-06 -1.55558627e-06  4.94338595e-06
  1.75032215e-06  3.57265122e-06 -1.78645775e-06 -2.25261262e-06
  4.57775991e-06 -2.43273611e-06 -1.53016236e-07  2.61013344e-06
 -1.61540882e-07  2.85528876e-06 -2.70368691e-06 -2.74549097e-06
  6.89542786e-07  2.55388383e-06 -1.90057734e-06 -1.93168355e-06
  7.90017312e-07 -2.88992479e-06 -8.28177381e-08  3.76623759e-07
 -3.08914245e-07 -2.23794179e-07  5.64754627e-07  9.59125472e-07
  1.24393827e-06  1.11562988e-07  3.39499294e-06 -8.72328810e-07
 -1.90376967e-06  4.13860997e-06 -4.50189233e-06 -3.00407367e-06
 -6.94468116e-07 -1.90838156e-06 -1.50857053e-06  6.69424375e-07
  2.52683163e-06 -5.91456414e-07  1.99891245e-07 -2.91859234e-06
 -1.21799805e-06 -2.70976250e-06  2.03989941e-06 -3.42853590e-07
 -2.28218716e-06 -5.65956853e-07  4.01911385e-06  1.20260012e-06
 -3.28641031e-07 -2.02226142e-06  4.44956204e-07 -7.05091199e-07
  1.57480903e-06 -3.13873855e-06  7.28407377e-07  8.32286514e-07
 -5.96077267e-07 -2.27090909e-08 -1.84657353e-06  1.82408170e-06
  1.01341828e-04  1.09974536e-04  1.09419576e-04  2.77479907e-07
  1.84986604e-07  0.00000000e+00

1e3
0.99986175 0.99986158 0.99986153 0.99986167 0.99986148 0.99986168
 0.9998617  0.99986154 0.99986172 0.99986155 0.99986154 0.99986172
 0.99986154 0.99986168 0.99986167 0.99986152 0.99986165 0.99986155
 0.99986158 0.99986171 0.99986176 0.99986158 0.99986153 0.99986167
 0.99986148 0.99986166 0.9998617  0.99986154 0.99986172 0.99986155
 0.99986154 0.99986171 0.99986154 0.99986169 0.99986167 0.99986151
 0.99986164 0.99986155 0.99986158 0.99986172 0.99986176 0.99986157
 0.99986153 0.99986166 0.99986149 0.99986168 0.9998617  0.99986155
 0.99986172 0.99986155 0.99986154 0.9998617  0.99986154 0.99986169
 0.99986167 0.99986151 0.99986165 0.99986155 0.99986158 0.99986172
 0.99986176 0.99986157 0.99986153 0.99986166 0.99986149 0.99986169
 0.9998617  0.99986154 0.99986173 0.99986155 0.99986154 0.99986172
 0.99986154 0.99986169 0.99986167 0.99986151 0.99986164 0.99986155
 0.99986159 0.99986172 0.99986175 0.99986156 0.99986153 0.99986166
 0.99986149 0.99986168 0.9998617  0.99986153 0.99986173 0.99986155
 0.99986155 0.99986172 0.99986154 0.99986169 0.99986166 0.99986151
 0.99986164 0.99986155 0.99986158 0.9998617  0.99986148 0.99986166
 0.99986171 0.99986156 0.99986174 0.99986156 0.99986153 0.99986169
 0.99986151 0.99986168 0.99986171 0.99986152 0.99986169 0.99986155
 0.99986155 0.99986172 0.99986158 0.99986168 0.99986165 0.99986151
 0.99986148 0.99986166 0.9998617  0.99986157 0.99986175 0.99986155
 0.99986152 0.99986169 0.99986151 0.99986168 0.9998617  0.99986152
 0.99986169 0.99986155 0.99986156 0.99986172 0.99986157 0.99986168
 0.99986165 0.99986151 0.99986148 0.99986166 0.9998617  0.99986157
 0.99986174 0.99986156 0.99986153 0.99986168 0.99986151 0.99986168
 0.9998617  0.99986152 0.99986168 0.99986155 0.99986155 0.99986173
 0.99986158 0.99986167 0.99986163 0.99986151 0.99986148 0.99986165
 0.99986169 0.99986157 0.99986175 0.99986156 0.99986153 0.99986168
 0.99986151 0.99986169 0.99986169 0.99986152 0.99986168 0.99986154
 0.99986156 0.99986172 0.99986159 0.99986167 0.99986165 0.99986151
 0.99986148 0.99986167 0.9998617  0.99986155 0.99986175 0.99986155
 0.99986153 0.99986169 0.99986151 0.9998617  0.9998617  0.99986152
 0.9998617  0.99986154 0.99986156 0.99986171 0.99986158 0.99986168
 0.99986164 0.9998615  0.99986148 0.99986148 0.99986148 0.99986148
 0.99986148 0.99986148 0.99986148 0.99986148 0.99986148 0.99986148
 0.99986148 0.99986148 0.99986148 0.99986148 0.99986148 0.99986148
 0.99986148 0.99986148 0.99986148 0.99986148 0.99986148 0.99986148
 0.99986148 0.99986148 0.99986148 0.99986148 0.99986148 0.99986148
 0.99986148 0.99986148 0.99986148 0.99986148 0.99986148 0.99986148
 0.99986148 0.99986148 0.99986148 0.99986148 0.99986148 0.99986148
 0.99986148 0.99986148 0.99986148 0.99986148 0.99986148 0.99986148
 0.99986148 0.99986148 0.99986245 0.99986302 0.9998622  0.99986346
 0.99986397 0.99986431 0.99986298 0.99986318 0.99986273 0.99986341
 0.99986348 0.99986358 0.99986303 0.9998626  0.99986253 0.99986498
 0.99986345 0.99986324 0.99986271 0.99986271 0.99986237 0.99986361
 0.99986376 0.99986298 0.99986237 0.99986281 0.99986216 0.99986372
 0.99986338 0.9998634  0.99986315 0.999863   0.99986244 0.99986483
 0.9998641  0.9998635  0.99986266 0.99986253 0.9998624  0.99986355
 0.99986343 0.9998644  0.99986215 0.99986234 0.99986273 0.99986481
 0.99986343 0.99986356 0.99986345 0.99986325 0.99986218 0.99986467
 0.99986327 0.99986367 0.99986253 0.99986238 0.99986266 0.99986342
 0.99986424 0.99986361 0.99986283 0.99986293 0.99986241 0.99986455
 0.99986307 0.99986326 0.9998629  0.99986284 0.99986253 0.99986424
 0.99986321 0.99986385 0.99986264 0.99986302 0.99986256 0.99986456
 0.99986389 0.99986359 0.9998628  0.99986297 0.9998624  0.99986351
 0.99986338 0.99986387 0.99986315 0.99986353 0.99986258 0.99986374
 0.99986355 0.99986413 0.99986227 0.99986291 0.99986251 0.99986348
 0.99986325 0.99986322 0.99986327 0.99986257 0.99986241 0.99986393
 0.99986463 0.99986346 0.9998626  0.99986267 0.99986227 0.99986425
 0.99986355 0.99986271 0.99986297 0.99986274 0.99986252 0.99986451
 0.99986376 0.99986292 0.99986259 0.99986258 0.99986277 0.99986324
 0.99986436 0.999864   0.9998629  0.99986325 0.99986252 0.99986376
 0.99986393 0.99986318 0.99986222 0.99986336 0.99986312 0.99986505
 0.99986344 0.99986352 0.99986273 0.99986254 0.99986241 0.99986461
 0.99986429 0.99986429 0.99986293 0.99986311 0.99986215 0.99986453
 0.99986343 0.99986307 0.99986281 0.9998632  0.99986244 0.99986382
 0.99986376 0.99986413 0.99986287 0.99986264 0.99986241 0.99986378
 0.99986352 0.99986335 0.99986265 0.99986268 0.99986226 0.99986336
 0.9998632  0.99986341 0.99986264 0.99986243 0.99986239 0.99986335
 0.99986363 0.9998631  0.9998635  0.99986283 0.9998622  0.99986401
 0.99986358 0.99986331 0.99986315 0.99986244 0.99986232 0.99986343
 0.99986299 0.99986319 0.99986276 0.99986302 0.99986262 0.99986426
 0.99986341 0.99986411 0.99986281 0.99986259 0.99986234 0.99986454
 0.99986307 0.99986324 0.999863   0.99986291 0.99986358 0.99986381
 0.99986305 0.99986344 0.99986287 0.99986245 0.99986252 0.99986319
 0.999865   0.99986286 0.99986295 0.99986294 0.99986217 0.99986354
 0.99986365 0.99986503 0.99986241 0.99986223 0.99986243 0.99986359
 0.99986308 0.99986342 0.9998627  0.9998629  0.99986256 0.99986327
 0.99986396 0.99986324 0.99986291 0.99986344 0.99986233 0.99986345
 0.99986388 0.99986337 0.99986296 0.99986232 0.99986227 0.99986452
 0.99986341 0.99986497 0.99986292 0.9998631  0.99986219 0.99986343
 0.99986369 0.99986392 0.99986303 0.99986328 0.99986225 0.99986383
 0.99986346 0.9998639  0.99986268 0.99986243 0.99986224 0.99986417
 0.99986395 0.99986498 0.99986228 0.99986263 0.9998627  0.99986338
 0.99986334 0.99986379 0.99986276 0.99986229 0.99986212 0.9998645
 0.99986421 0.99986411 0.99986243 0.99986249 0.99986249 0.99986381
 0.99986357 0.99986351 0.99986293 0.99986304 0.99986219 0.99986381
 0.99986354 0.99986367 0.99986311 0.99986295 0.99986208 0.99986415
 0.99986366 0.99986317 0.99986239 0.99986282 0.99986256 0.99986339
 0.99986359 0.99986431 0.9998623  0.9998628  0.99986234 0.99986366
 0.9998639  0.99986372 0.99986262 0.99986246 0.99986234 0.99986306
 0.9998635  0.99986406 0.99996281 0.99997144 0.99997088 0.99986175
 0.99986166 0.99986148