1.95068996e-05 -7.97639653e-06 -1.28872419e-05  1.83435803e-05
 -2.17897613e-06 -1.10660675e-05  1.19102104e-05  1.18742517e-06
 -1.83638291e-05  1.01672784e-05  1.02899825e-05 -1.82950284e-05
  7.20788308e-06  8.44192677e-06 -1.43381381e-05  3.18124554e-06
  1.59219138e-05 -1.13729137e-05 -6.85262669e-06  1.65803336e-05
  1.97561222e-05 -7.93195045e-06 -1.34715207e-05  1.82051830e-05
 -2.31576435e-06 -1.06944426e-05  1.15961519e-05  9.28621661e-07
 -1.81327741e-05  9.91900398e-06  1.04366274e-05 -1.78650964e-05
  6.85666953e-06  8.63177199e-06 -1.42445101e-05  3.18570381e-06
  1.57000861e-05 -1.11222609e-05 -6.64454769e-06  1.67316091e-05
  1.97003715e-05 -7.46316630e-06 -1.31933245e-05  1.77868513e-05
 -2.52859739e-06 -1.11174121e-05  1.17499090e-05  1.05927720e-06
 -1.81559401e-05  9.74144503e-06  1.00240649e-05 -1.73972158e-05
  6.90910000e-06  8.92835713e-06 -1.39271665e-05  3.00193390e-06
  1.59041832e-05 -1.10445327e-05 -6.86843646e-06  1.68971934e-05
  1.98945059e-05 -7.10162604e-06 -1.34719652e-05  1.76560167e-05
 -1.92510013e-06 -1.10059548e-05  1.13625323e-05  1.19598674e-06
 -1.86950458e-05  9.74986373e-06  1.07823119e-05 -1.80937509e-05
  7.09690124e-06  8.71423028e-06 -1.43668834e-05  2.87597086e-06
  1.59923559e-05 -1.09739843e-05 -7.27678378e-06  1.68087896e-05
  1.94207961e-05 -6.83230904e-06 -1.38939235e-05  1.75120469e-05
 -1.65274645e-06 -1.11880021e-05  1.12592041e-05  1.45046046e-06
 -1.86587307e-05  9.59778884e-06  1.09063848e-05 -1.79534412e-05
  6.59673525e-06  9.17240644e-06 -1.41080945e-05  2.34085107e-06
  1.59960055e-05 -1.05565048e-05 -7.55424333e-06  1.60187487e-05
 -7.55850401e-08  1.79379384e-05 -1.44632693e-05 -6.49782793e-06
  1.30224626e-05 -7.36771788e-06 -6.20721525e-06  1.34540569e-05
 -2.30782323e-06 -1.58101111e-05  1.57066056e-05  2.65300813e-06
 -1.22915181e-05  1.20203374e-05  2.76922154e-06 -1.46346873e-05
  4.94106551e-06  1.28126219e-05 -1.52213619e-05  4.59281868e-07
 -2.96920391e-07  1.79310109e-05 -1.40390633e-05 -6.18942446e-06
  1.26427419e-05 -7.30318491e-06 -6.43084055e-06  1.36967002e-05
 -2.29512355e-06 -1.56936788e-05  1.54407762e-05  3.60314817e-06
 -1.22844742e-05  1.16355645e-05  3.03400019e-06 -1.44966715e-05
  4.80504285e-06  1.26055176e-05 -1.51839574e-05 -3.09312066e-08
 -5.68106788e-07  1.82190523e-05 -1.41479639e-05 -6.37782555e-06
  1.29305238e-05 -7.34239940e-06 -6.78279526e-06  1.31941434e-05
 -2.32355062e-06 -1.54521777e-05  1.54001717e-05  3.54881150e-06
 -1.22791154e-05  1.14633834e-05  3.24589096e-06 -1.50012215e-05
  4.30376136e-06  1.26254561e-05 -1.44723528e-05  9.88506486e-08
 -8.98907268e-07  1.78496604e-05 -1.36488084e-05 -5.82354373e-06
  1.31857492e-05 -7.46038981e-06 -6.86485824e-06  1.29957547e-05
 -2.34360032e-06 -1.59237737e-05  1.49491126e-05  3.54150489e-06
 -1.21862597e-05  1.14609165e-05  3.72515047e-06 -1.45383980e-05
  4.22249284e-06  1.27134679e-05 -1.51149837e-05 -1.53769671e-07
 -6.88433204e-07  1.83635215e-05 -1.38132883e-05 -6.90022515e-06
  1.28611288e-05 -7.15235004e-06 -6.58693866e-06  1.31637306e-05
 -2.19671707e-06 -1.64174936e-05  1.53138698e-05  4.01779400e-06
 -1.30648565e-05  1.16332991e-05  3.63909701e-06 -1.46522506e-05
  4.47920739e-06  1.32514414e-05 -1.52491398e-05 -8.67945430e-07
 -2.43292423e-09 -4.02597636e-10 -2.05352647e-09  1.21741259e-09
 -4.23665739e-09 -2.24224284e-09  1.70477015e-09 -1.74048877e-09
 -3.02476870e-09 -1.91664418e-09  1.34326563e-10  9.08906365e-10
  2.58873287e-09 -6.11438591e-10  1.18832478e-09  9.73921684e-11
  6.65508632e-10 -2.63085188e-09  2.04179578e-09 -2.55353302e-09
  2.16847031e-09  1.31817424e-09 -2.13603330e-09 -5.04344778e-10
  1.64545336e-10 -2.35689671e-09 -5.85197774e-10 -1.20799853e-09
 -7.32245518e-11  7.00601456e-10  1.31348771e-09 -2.53768484e-09
  1.52666963e-09  2.26508069e-09 -3.40000199e-09 -2.08556129e-10
  4.06015937e-09  2.73442894e-09  1.60590218e-09 -2.64016262e-11
 -4.80039015e-10 -3.04421716e-09 -1.89454513e-09  1.75891564e-09
 -1.53982004e-09  1.38913203e-09 -4.89938886e-10  2.03869599e-09
 -6.79759691e-06  7.98427627e-06 -8.81932863e-06  1.23186318e-05
 -2.89483388e-06 -6.07021332e-06  1.26388936e-06  8.73783500e-06
 -2.50230806e-06 -4.29010845e-06  5.50500117e-06 -4.65584349e-06
  1.45543157e-06 -1.28573412e-05  1.73791053e-05 -1.46032386e-06
  4.30685447e-06 -5.91044540e-06 -7.25477291e-06 -1.16157837e-06
  4.65913468e-06 -1.29052708e-05 -4.70502680e-06  2.51808720e-08
 -1.24065097e-06  5.65136690e-06  2.13164005e-06  3.82318299e-07
 -1.29846210e-05  2.05963665e-06  5.41048983e-07  5.67890707e-06
 -1.94851977e-06  7.34268616e-06 -3.27850041e-06 -5.57664171e-06
 -1.52979892e-05  2.72771116e-07 -3.80035154e-06  7.89727472e-06
 -5.84579113e-06  1.59193941e-05  1.54106178e-06  4.45921219e-06
 -3.07017456e-08 -1.55423235e-07  5.95461407e-06  4.99142390e-06
 -4.90885301e-07 -1.12699242e-05 -3.13743134e-06 -8.23757512e-06
  1.67263468e-05  2.15843405e-06  1.67141583e-06  1.63011329e-06
  7.40738994e-06  6.68198572e-06 -1.05281867e-05 -3.47279935e-06
 -5.43308470e-06  2.61800980e-06  6.26964636e-06 -9.03375108e-06
  9.32540422e-06  3.55718528e-06 -7.07731853e-06 -6.65227863e-07
 -1.77598719e-06 -1.25158889e-05 -2.51903452e-06  2.52161098e-06
  2.51235956e-06  6.39508906e-06 -1.27843456e-05 -1.70511253e-05
 -8.03230795e-06  3.13395433e-06  1.43062334e-05  1.96202359e-05
  1.28611066e-06 -5.07639959e-06  1.61097653e-06  1.98018386e-05
  9.78161159e-06  3.18991367e-06  6.17114578e-07  2.10095409e-06
  2.66122653e-06  1.70237642e-05  8.87936088e-06  8.72122159e-06
  1.92557689e-06 -2.36734852e-06 -5.25988054e-06 -3.09220560e-06
 -8.14840768e-06  1.32317566e-05  3.92104699e-06  1.01986960e-06
  2.27303283e-05 -1.00563276e-05  1.48226088e-05  4.21950716e-06
 -9.54381325e-06  9.44295614e-06  1.26735259e-05 -3.01140260e-06
  6.52671792e-06 -4.80901154e-06  6.14971063e-06  5.97367023e-06
  3.04142546e-07  1.08041698e-06  2.09655828e-06 -8.03374910e-06
 -1.79605046e-05 -1.14099264e-07  2.34670139e-06  3.12798470e-07
 -5.82082990e-06 -5.22989704e-06 -7.62154202e-06 -8.81287899e-06
  2.95552089e-06 -7.00235708e-06  2.86131441e-06 -8.59146193e-06
 -1.53529449e-05  3.87136223e-06 -8.39890187e-06  6.94075835e-06
  2.30237056e-05  9.91545731e-06  3.97258818e-07  1.11150373e-05
 -1.36849334e-06 -6.49985508e-06 -6.00239247e-06  2.33082736e-06
 -5.84219628e-06  9.49535046e-06  2.49229104e-06 -3.05401258e-06
  7.19573969e-07 -4.10715855e-06  1.06231466e-06  4.40836785e-06
  1.40044583e-05 -4.40692252e-06  6.45832197e-06  2.56953549e-05
 -4.77010866e-06  6.52982150e-06 -4.22807389e-07 -1.24333542e-05
 -1.32232911e-05  9.39325666e-06 -6.90322843e-07 -1.69322621e-06
  3.92799086e-06 -1.60895070e-06  1.20560980e-05 -5.79202289e-06
  8.73070200e-06 -4.51275146e-06 -1.02848277e-05 -1.29865186e-05
 -1.48232033e-05  2.88508150e-06 -1.87634328e-07  9.58958775e-09
 -2.27171456e-06 -8.13283607e-06 -3.58813165e-06  7.36637732e-06
  1.98972440e-05  9.32375119e-06  8.45058231e-06  1.18483410e-05
  1.42930888e-06  3.45829319e-06  1.09902155e-05  1.38830043e-05
  3.33873068e-06  1.57682643e-05  1.10543897e-06 -5.29997386e-06
  9.64195649e-07 -3.98821761e-06 -3.94541502e-07 -5.92636892e-06
 -2.73120641e-06 -2.12330782e-06  6.73126223e-06  1.19443858e-06
  1.19203056e-06  1.20018166e-06  1.72393965e-05 -6.56138271e-06
 -1.94084481e-06  4.83814875e-06  7.46950204e-06  3.16893526e-06
  6.26860519e-06 -5.37960992e-06 -1.79554004e-07 -1.51619815e-05
 -4.14455719e-06  9.38496990e-06  3.76611816e-07 -2.43065932e-06
 -1.66715157e-05 -7.17227937e-06  2.68174100e-07 -4.96328324e-08
 -1.10678343e-05 -8.91266664e-06  1.55962819e-05  8.53841545e-06
 -1.63428414e-05 -1.14311679e-05 -3.97617429e-06 -1.15993245e-06
 -3.76204788e-06  4.12917732e-06  1.84782930e-06 -7.97151473e-06
 -2.33072380e-06  4.24660481e-06  2.61269993e-06  5.14650343e-06
  2.02465012e-05  1.00623995e-05  1.27127925e-05 -4.54803341e-06
 -1.61970345e-06  1.35571288e-05 -1.96955850e-06  1.99035711e-05
  6.70536995e-06  1.57146684e-05 -7.72747458e-06 -6.07864419e-06
  1.67266486e-05 -5.29947691e-06 -8.91052943e-07  1.26760696e-05
 -1.64566380e-06  1.05144710e-05 -1.03225774e-05 -7.95988510e-06
  2.35168290e-06  1.23426224e-05 -7.77370601e-06 -6.01283063e-06
  1.96086081e-07 -1.10277771e-05 -7.34309050e-07  2.12743930e-06
 -1.29045654e-06  3.73194557e-07  3.22603940e-06  8.98786278e-07
  6.65963215e-06 -1.28565288e-06  1.44179484e-05 -1.44459282e-06
 -7.52273966e-06  1.42781764e-05 -1.92825170e-05 -1.16292801e-05
 -3.20665548e-06 -2.41775800e-06 -6.74688877e-06  3.08269100e-06
  1.20325282e-05 -2.36591007e-06  9.66319025e-07 -6.65595337e-06
 -5.81179057e-06 -1.12707693e-05  1.03704433e-05 -1.19999643e-06
 -1.10734160e-05 -2.25825311e-06  1.56461598e-05  6.20910685e-06
 -1.10746272e-06 -6.67913481e-06  1.05882420e-06 -2.45249943e-06
  7.57858859e-06 -1.02368086e-05  4.05153715e-06  4.42572556e-06
 -3.52957046e-06  1.14445215e-06 -3.59637168e-06  5.12526217e-06
  3.85636480e-04  4.11919360e-04  3.89153204e-04  1.11054422e-06
  2.40617914e-06  2.12854309e-06

 1e3
 0.99957232 0.99957158 0.99957183 0.99957222 0.99957145 0.9995721
 0.99957199 0.99957154 0.99957224 0.99957173 0.99957172 0.99957227
 0.9995716  0.99957192 0.99957209 0.99957153 0.99957206 0.99957192
 0.9995716  0.99957217 0.99957234 0.99957158 0.99957187 0.99957221
 0.99957146 0.99957214 0.99957198 0.99957153 0.99957223 0.99957172
 0.99957172 0.99957223 0.99957158 0.99957194 0.99957208 0.99957154
 0.99957205 0.9995719  0.99957161 0.9995722  0.99957233 0.99957156
 0.99957185 0.99957217 0.99957146 0.99957211 0.99957195 0.99957153
 0.99957223 0.99957171 0.99957171 0.99957219 0.9995716  0.99957193
 0.99957206 0.99957154 0.99957206 0.9995719  0.99957161 0.9995722
 0.99957235 0.99957155 0.99957186 0.99957216 0.99957145 0.99957216
 0.99957195 0.99957154 0.99957227 0.99957171 0.99957174 0.99957225
 0.9995716  0.99957195 0.9995721  0.99957154 0.99957206 0.99957191
 0.99957162 0.9995722  0.99957231 0.99957154 0.99957189 0.99957216
 0.99957146 0.99957214 0.99957196 0.99957155 0.99957227 0.99957172
 0.99957176 0.99957224 0.99957158 0.99957196 0.99957208 0.99957153
 0.99957206 0.99957188 0.99957162 0.99957214 0.99957143 0.99957218
 0.99957193 0.99957157 0.99957228 0.99957163 0.99957178 0.99957223
 0.99957151 0.99957205 0.99957207 0.99957152 0.99957218 0.99957184
 0.99957164 0.99957222 0.9995717  0.99957186 0.99957214 0.99957157
 0.99957143 0.99957218 0.9995719  0.99957156 0.99957228 0.99957164
 0.99957174 0.99957227 0.9995715  0.99957203 0.99957205 0.99957155
 0.99957214 0.99957182 0.99957165 0.99957221 0.99957168 0.99957184
 0.99957212 0.99957156 0.99957143 0.9995722  0.99957191 0.99957158
 0.9995723  0.99957164 0.99957178 0.9995722  0.9995715  0.99957202
 0.99957205 0.99957154 0.99957215 0.99957181 0.99957166 0.99957225
 0.99957168 0.99957184 0.99957209 0.99957158 0.99957143 0.99957217
 0.99957188 0.99957155 0.9995723  0.99957162 0.99957182 0.99957219
 0.99957151 0.99957205 0.99957203 0.99957154 0.99957214 0.99957181
 0.99957167 0.9995722  0.99957167 0.99957184 0.99957213 0.99957156
 0.99957143 0.99957221 0.99957188 0.99957158 0.99957231 0.99957162
 0.9995718  0.99957221 0.99957151 0.9995721  0.99957204 0.99957155
 0.99957223 0.9995718  0.99957168 0.9995722  0.99957167 0.99957188
 0.99957212 0.99957156 0.99957142 0.99957142 0.99957142 0.99957142
 0.99957142 0.99957142 0.99957142 0.99957142 0.99957142 0.99957142
 0.99957142 0.99957142 0.99957142 0.99957142 0.99957142 0.99957142
 0.99957142 0.99957142 0.99957142 0.99957142 0.99957142 0.99957142
 0.99957142 0.99957142 0.99957142 0.99957142 0.99957142 0.99957142
 0.99957142 0.99957142 0.99957142 0.99957142 0.99957142 0.99957142
 0.99957142 0.99957142 0.99957142 0.99957142 0.99957142 0.99957142
 0.99957142 0.99957142 0.99957142 0.99957142 0.99957142 0.99957142
 0.99957142 0.99957142 0.99957935 0.9995822  0.99957716 0.99957839
 0.9995803  0.99958472 0.99958244 0.99958383 0.99957987 0.99957882
 0.99957888 0.99958168 0.99958125 0.99957954 0.99957904 0.99958272
 0.99957988 0.99957944 0.99957896 0.99958013 0.99957808 0.99957802
 0.99958076 0.99957926 0.99957771 0.99958203 0.99957687 0.99957967
 0.99957884 0.9995795  0.99958159 0.99958272 0.99957931 0.99958233
 0.99958121 0.9995824  0.9995795  0.99957903 0.99957926 0.99957848
 0.99957834 0.99958488 0.99957663 0.99957783 0.99958065 0.99958229
 0.99957875 0.99958279 0.99958309 0.99958362 0.99957722 0.99958204
 0.99957774 0.99958218 0.99957913 0.99957844 0.99958101 0.99957834
 0.99958081 0.99957989 0.99958012 0.99958167 0.99957857 0.99957976
 0.99957794 0.99957903 0.99958066 0.99958103 0.99957835 0.99958214
 0.99957807 0.99958264 0.99957979 0.99958293 0.99957943 0.99958189
 0.99958097 0.99958168 0.9995815  0.99958259 0.99957928 0.99957936
 0.99957871 0.9995815  0.9995828  0.99958633 0.99958074 0.99957873
 0.99957939 0.99958524 0.99957748 0.99958197 0.9995792  0.99957915
 0.99957782 0.9995807  0.99958377 0.99958018 0.99957791 0.99957948
 0.9995841  0.99958068 0.99957945 0.99958033 0.9995771  0.99958121
 0.99957915 0.99957752 0.99958197 0.99958094 0.99957869 0.99958126
 0.99958118 0.99957885 0.99958025 0.99957948 0.99958001 0.99957807
 0.99958377 0.99958279 0.99958133 0.99958534 0.99957895 0.99957834
 0.99958177 0.99957954 0.99957672 0.99958544 0.99958305 0.99958202
 0.99957822 0.99958115 0.99958155 0.9995791  0.99957915 0.9995814
 0.99958187 0.99958398 0.99958125 0.99958303 0.99957646 0.99958117
 0.99957897 0.99957953 0.99957979 0.99958364 0.99957856 0.99957791
 0.99957969 0.99958591 0.99958092 0.99958012 0.99957892 0.99957819
 0.99957983 0.99957983 0.99957893 0.99958062 0.99957724 0.99957766
 0.99957825 0.99957946 0.99957942 0.99957863 0.99957799 0.99957672
 0.99957877 0.99957957 0.99958272 0.99958143 0.99957738 0.9995801
 0.99957994 0.9995799  0.99958207 0.99957874 0.99957791 0.99957909
 0.99957731 0.99957986 0.99958102 0.99958476 0.99958075 0.99958169
 0.99957912 0.99958689 0.99958037 0.99957883 0.99957798 0.99958141
 0.99957773 0.99958069 0.99958171 0.99958091 0.99958475 0.99958029
 0.99957802 0.99958028 0.99957986 0.99957852 0.99957932 0.99957765
 0.99958419 0.9995785  0.99958123 0.99958137 0.99957649 0.99957815
 0.9995794  0.99958626 0.99957787 0.99957739 0.9995791  0.99957808
 0.99957786 0.99958169 0.99957965 0.9995821  0.99957988 0.99957816
 0.99958257 0.99958054 0.99958155 0.9995879  0.9995783  0.99957795
 0.9995814  0.99957972 0.99958173 0.99957788 0.99957742 0.99958065
 0.99957965 0.99958373 0.9995808  0.99958208 0.99957761 0.99957863
 0.9995793  0.99958309 0.99958229 0.99958356 0.99957707 0.99957865
 0.99957871 0.99958107 0.99958099 0.99957858 0.99957722 0.99957937
 0.99958147 0.99958534 0.99957756 0.99958004 0.99958015 0.99957751
 0.9995798  0.99958317 0.99958135 0.99957734 0.99957671 0.99958071
 0.99958285 0.99958581 0.99957862 0.99957919 0.99957892 0.99957925
 0.99957971 0.99958189 0.99958133 0.99958404 0.99957717 0.99957958
 0.99957969 0.9995834  0.99958252 0.9995823  0.99957643 0.99958076
 0.99957956 0.99957827 0.99957946 0.99958152 0.99957977 0.99957823
 0.99957933 0.99958422 0.99957753 0.99958087 0.99957794 0.99957884
 0.99958096 0.99958051 0.9995794  0.99957843 0.99957789 0.99957716
 0.99957897 0.99958135 0.99995691 0.99998317 0.99996042 0.99957253
 0.99957383 0.99957355